__label__
11111111111111111111111111121121121121121121121121121121121121121121121121121111111111111111111111111111111111111111111111111111
11111111111111111111111111111111111111111111111111111111111111111111111111111111111111111111111111111111111111111111111111111111
11111111111111111111111111111111111111111111111111111111111111111111111111111111111111111111111111111111111111111111111111111111
11111111121121121121121121121121121121121121121121121121121121111111111111111111111111111111111111111111111111111121121121121121
11111111111111111111111111111111111111111111111111111111111111111111111111111111111111111111111111111111111111111111111111111111
11111111111111111111111111111111111111111111111111111111111111111111111111111111111111111111111111111111111111111111111111111111
21121121121121121121121121121121121121121121121121111111111111111111111111111111111111111111111111111121121121121121121121121121
11111111111111111111111111111111111111111111111111111111111111111111111111111111111111111111111111111111111111111111111111111111
11111111111111111111111111111111111111111111111111111111111111111111111111111111111111111111111111111111111111111111111111111111
11111111111111111121121121121121121121121111111111111111111111111111111111111111111111111111121121121121121121121121121121121121
11111111111111111111111117777777711117777777777771177777777771111117777777711117777777777771111777777771111111111111111111111111
11111111111111111111111117777777711117777777777771177777777771111117777777711117777777777771111777777771111111111111111111111111
11111111111111111111111777777777777127777777777771177777777777721777777777777117777777777771177777777777721121121121121121121121
11111111111111111111111777777777777117777777777771177777777777711777777777777117777777777771177777777777711111111111111111111111
11111111111111111111111777755555555115555777755551177775555777711777755557777115555777755551177775555777711111111111111111111111
11111111111111111111111777711111111121121777721121177771121777721777721127777121121777711111177771111777711111111111111111111111
11111111111111111111111557777777711111111777711111177777777775511777777777777111111777711111177777777777711111111111111111111111
11111111111111111111111117777777711111111777711111177777777771111777777777777111111777711111177777777777711111111111111111111111
11111111111111111111111115555557777121121777721121177777777551121777755557777121121777711111177775555777711111111111111111111111
11111111111111111111111111111117777111111777711111177777777111111777711117777111111777711111177771111777711111111111111111111111
11111111111111111111111777777777777111111777711111177775577771111777711117777111111777711111177771111777711111111111111111111111
21121121121111111111111777777777777111121777721121177771177771121777721127777121121777721111177771111777711111111111111111111111
11111111111111111111111557777777755111111777711111177771155777711777711117777111111777711111177771111777711111111111111111111111
11111111111111111111111117777777711111111777711111177771111777711777711117777111111777711111177771111777711111111111111111111111
21121121121121121121121125555555521121121555511111155551111555511555511115555111111555511111155551121555511111111111111111111111
11111111111111111111111111111111111111111111111111111111111111111111111111111111111111111111111111111111111111111111111111111111
11111111111111111111111111111771111111111111177777777111177777777777711771111111111771111111111117711111111111111111111111111111
21121121121121121121121121127887121121121121177777777111177777777777711771111111111771111111111178871121121121121121121121121121
11111111111111111111111111178888711111111117777777777771177777777777711777711111177771111111111788887111111111111111111111111111
11111111111111111111111111288228871111111117777777777771177777777777711777711111177771111111112882288711111111111111111111111111
21121121121121121121121122882772887121121127777555555551177775555555511777777117777771111111128827728871121121121121121121121121
11111111111111111111111128878887288711111117777111111111177771111111111777777117777771111111288788872887111111111111111111111111
11111111111111111111111288728888728871111117777117777771177777777111111777777777777771111112887288887288711111111111111111111111
11111111111111111111111288728888728871111117777127777771177777777121121777777777777771111112887288887288721121121121121121121121
11111111111111111111111528872888288751111117777115577771177775555111111777755775577771111115288728882887511111111111111111111111
11111111111111111111111152887227887511111117777111177771177771111111111777711771177771111111528872278875111111111111111111111111
11111111111111111111111115288778825111111117777777777771177777777777721777721551177771121121152887788251111111111111111111111111
11111111111111111111111111528888251111111117777777777771177777777777711777711111177771111111115288882511111111111111111111111111
11111111111111111111111111152882511111111115577777777551177777777777711777711111177771111111111528825111111111111111111111111111
11111111111111111111111111115225111111111121177777777121177777777777721777721121177771121121111152251111111111111111111111111111
11111111111111111111111111111551111111111111155555555111155555555555511555511111155551111111111115511111111111111111111111111111
11111111111111111111111111111111111111111111111111111111111111111111111111111111111111111111111111111111111111111111111111111111
11111111111111111111111717177711121777121127771121121121121121121121121121121121121121111111111111111111111111111111111111111111
11111111111111111111111717171711111117111117171111111111111111111111111111111111111111111111111111111111111111111111111111111111
11111111111111111111111717171711111777111117171111111111111111111111111111111111111111111111111111111111111111111111111111111111
11111111111111111111121777171721121711121127171121121121121121121121121121111111111111111111111111111111111111111111111111111121
11111111111111111111111171177711711777117117771111111111111111111111111111111111111111111111111111111111111111111111111111111111
11111111111111111111111111111111111111111111111111111111111111111111111111111111111111111111111111111111111111111111111111111111
11111121121121121121121121121121121121121121121121121121111111111111111111111111111111111111111111111111111111121121121121121121
11111111111111111111111111111111111111111111111111111111111111111111111111111111111111111111111111111111111111111111111111111111
11111111111111111111111111111111111111111111111111111111111111111111111111111111111111111111111111111111111111111111111111111111
21121121121121121121121121121121121121111111111111111111111111111111111111111111111111111111121121121121121121121121121121121121
11111111111111111111111111111111111111111111111111111111111111111111111111111111111111111111111111111111111111111111111111111111
11111111111111111111111111111111111111111111111111111111111111111111111111111111111111111111111111111111111111111111111111111111
21121121121121121111111111111111111111111111111111111111111111111111111121121121121121121121121121121121121121121121121121111111
11111111111111111111111111111111111111111111111111111111111111111111111111111111111111111111111111111111111111111111111111111111
11111111111111111111111111111111111111111111111111111111111111111111111111111111111111111111111111111111111111111111111111111111
11111111111111111111111111111111111111111111111121121121121121121121121121121121121121121121111111121121121121121121121121121121
11111111111111111111111111111111111111111111111111111111111111111111111111111111111111111111111111111111111111111111111111111111
11111111111111111111111111111111111111111111111111111111111111111111111111111111111111111111111111111111111111111111111111111111
11111111111111111111111121121121121111111111111111111111111111111111111111121121121121121121121121121121121121121121121121121121
11111111111111111111111111111111111111111111111111111111111111111111111111111111111111111111111111111111111111111111111111111111
11111111111111111111111111111111111111111111111111111111111111111111111111111111111111111111111111111111111111111111111111111111
11111111111111111111111111111111111111111111111111111121121121121121121121121121121121121121121121121121111111111111111111111111
11111111111111111111111111111111111117777711111111111771777177717771777111111771777177717771111111111111111111111111111111111111
11111111111111111111111111111111111177111771171111117111171171717171171111117111717177717111111111111111111111111111111111111111
11111111111111111111111111111121121177171771121121127771171177727721171121127121777171717711111111111111111111111111111111111111
11111111111111111111111111111111111177111771171111111171171171717171171111117171717171717111111111111111111111111111111111111111
11111111111111111111111111111111111117777711111111117711171171717171171111117771717171717771111111111111111111111111111111111111
11111111121121121121121121121121121121121121121121121121121111111111111111111111111111111111111111111111111111111121121121121121
11111111111111111111111111111111111111111111111111111111111111111111111111111111111111111111111111111111111111111111111111111111
11111111111111111111111111111111111111111111111111111111111111111111111111111111111111111111111111111111111111111111111111111111
21121121121121121121121121121121121127777711111111117171777117717171111117711771177177717771177121121121121121121121121121121121
11111111111111111111111111111111111177171771171111117171171171117171111171117111717171717111711111111111111111111111111111111111
11111111111111111111111111111111111177717771111111117771171171117771111177717111717177117711777111111111111111111111111111111111
21121121121121121121121121121111111177171771171111117171171171717171111111717111727171727121127121121121121121121121121121121121
11111111111111111111111111111111111117777711111111117171777177717171111177111771771171717771771111111111111111111111111111111111
11111111111111111111111111111111111111111111111111111111111111111111111111111111111111111111111111111111111111111111111111111111
21121121121121121111111111111111111111111111111111111111111111111111121121121121121121121121121121121121121121121121121111111111
11111111111111111111111111111111111111111111111111111111111111111111111111111111111111111111111111111111111111111111111111111111
11111111111111111111111111111111111111111111111111111111111111111111111111111111111111111111111111111111111111111111111111111111
21121121111111111111111111111111111111111111111111111111111121121121121121121121121121121121121121121121121121121111111111111111
11111111111111111111111111111111111111111111111111111111111111111111111111111111111111111111111111111111111111111111111111111111
11111111111111111111111111111111111111111111111111111111111111111111111111111111111111111111111111111111111111111111111111111111
21121111111111111111111111111111111111111111111111111111121121121121121121121121121121121121121121121121121111111111111111111111
11111111111111111111111111111111111111111111111111111111111111111111111111111111111111111111111111111111111111111111111111111111
11111111111111111111111111111111111111111111111111111111111111111111111111111111111111111111111111111111111111111111111111111111
11121121121121111111111111111111111111111111111111111111121121121121121121121121121121121121121121121121121111111111111111111111
11111111111111111111111111111111111111111111111111111111111111111111111111111111111111111111111111111111111111111111111111111111
11111111111111111111111111111111111111111111111111111111111111111111111111111111111111111111111111111111111111111111111111111111
11111121121121121121121121121121121121121121121121121121111111111111111111111111111111111111111121121121121111111111111111111111
11111111111111111111111111111111111111111111111111111111111111111111111111111111111111111111111111111111111111111111111111111111
11111111111111111111111111111111111111111111111111111111111111111111111111111111111111111111111111111111111111111111111111111111
11111121121121121121121121121121121121121121121121121121121111111111111111111111111111111111111111111111111111121121121121121121
11111111111111111111111111111111111111111111111111111111111111111111111111111111111111111111111111111111111111111111111111111111
11111111111111111111111111111111111111111111111111111111111111111111111111111111111111111111111111111111111111111111111111111111
11111111111121121121121121121121121121121121121121121121121121111111111111111111111111111111111111111111111111111121121121121121
11111111111111111111111111111111111111111111111111111111111111111111111111111111111111111111111111111111111111111111111111111111
11111111111111111111111111111111111111111111111111111111111111111111111111111111111111111111111111111111111111111111111111111111
21121121121121111111111111111111111111111111111111111111111111111121121121121121121121111111111111111111111111111111121121121121
11111111111111111111111111111111111111111111111111111111111111111111111111111111111111111111111111111111111111111111111111111111
11111111111111111111111111111111111111111111111111111111111111111111111111111111111111111111111111111111111111111111111111111111
21121121121121121111111111111111111111111111111111111111111111111111121121121121121121121121121121121121121121121121121111111111
11111111111111111111111111111111111111111111111111111111111111111111111111111111111111111111111111111111111111111111111111111111
1111111111aaaa11111771111111111111111111111111111111111111111111111111111111111111111111111111111111111111aaaa112ffff11111777711
299999911a9999a211177111111111111111111111111111111111111111111111111211211211211211211211211211211211211a9999a22eeeef111d666671
2aa444494994499a113bb711111111111111111111111111111111111111111111111111111111111111111111111111111111114994499a2e22eef11d6dd671
2442224949a9949a113bb7111111111111111111111111111111111111111111111111111111111111111111111111111111111149a9949a2efe2eefd6766d67
2499944949a9949a13b73b711111111111111111111111111111111111111111112112112112112112112112112112112112112149a9949a2eefe2efd6766d67
24444aa9499aa99a13b73b7111111111111111111111111111111111111111111111111111111111111111111111111111111111499aa99a12eef2ef1d677671
12222221149999413bbbbbb71111111111111111111111111111111111111111111111111111111111111111111111111111111114999941112eeeef1d666671
11111111124444123333337721121121121121121121121121121121121111111111121121121121121121121121121121121121124444121112222211dddd11
117777112ffff11111aaaa111777777111666611111111111111111111111111111111111111111111111111111111111177771117777771111771112ffff111
1d6666712eeeef111a9999a11cccccc716dddd61111111111111111111111111111111111111111111111111199999911d6666711cccccc7117887112eeeef11
2d6dd6712e22eef24994499a1cc111c71dd11dd61121121121111111111111111111111111111111111111112aa444492d6dd6711cc111c7128888712e22eef1
d6766d672efe2eef49a9949a1c7cc1c71d6111d611111111111111111111111111111111111111111111111124422249d6766d671c7cc1c7288828872efe2eef
d6766d672eefe2ef49a9949a1c7cc1c71d6111d611111111111111111111111111111111111111111111111124999449d6766d671c7cc1c7288788872eefe2ef
2d67767112eef2ef499aa99a1c777cc71dd66dd611111111111111111111111111111111111111111111111124444aa92d6776711c777cc71288887112eef2ef
1d666671112eeeef149999411cccccc711dddd61111111111111111111111111111111111111111111111111122222211d6666711cccccc711288211112eeeef
11dddd11111222221144441111111111111111111111111111111111111111111111111111111111111111111111111111dddd11111111111112211111122222
211771211217711211666611111111111117711111aaaa1111177111111111111111111111666621121771112ffff11111777711116666111111111117777771
117887111117711116dddd6119999991111771111a9999a111788711111111111111111116dddd61111771112eeeef111d66667116dddd61199999911cccccc7
12888871113bb7111dd11dd62aa44449113bb7114994499a1288887111111111111111111dd11dd6113bb7112e22eef11d6dd6711dd11dd62aa444491cc111c7
28882887113bb7111d6111d624422249113bb71149a9949a2888288711111111111111111d6111d6113bb7112efe2eefd6766d671d6121d6244222491c7cc1c7
2887888713b73b711d6111d62499944913b73b7149a9949a2887888711111111111111111d6111d613b73b712eefe2efd6766d671d6111d6249994491c7cc1c7
1288887113b73b711dd66dd624444aa913b73b71499aa99a1288887111111111111111111dd66dd613b73b7112eef2ef1d6776711dd66dd624444aa91c777cc7
112882113bbbbbb711dddd61222222213bbbbbb71499994111288211111111111111111111dddd613bbbbbb7112eeeef2d66667111dddd62122222211cccccc7
11122111333333771111111111111111333333771144441111122111111111111111111111111111333333771112222211dddd11111111111111111111111111
